---
maxVel: 45.0
maxAccel: 40.0
maxAngVel: 3.141592653589793
maxAngAccel: 3.141592653589793
robotLength: 18.0
robotWidth: 18.0
driveType: "MECANUM"
trackWidth: 15.5
lateralMultiplier: 0.95
