---
startPose:
  x: -33.0
  y: -63.0
  heading: 1.5707963267948966
startHeading: 0.0
steps:
- pose:
    x: -43.5
    y: -34.9
    heading: 1.5707963267948966
  heading: 3.141592653589793
  interpolationType: "LINEAR"
resolution: 0.25
version: 2
